|   MEANMJDOBS|   JAPERMAG3|JAPERMAG3ERR|   HAPERMAG3|HAPERMAG3ERR|   KAPERMAG3|KAPERMAG3ERR|      JMHPNT|   JMHPNTERR|      HMKPNT|   HMKPNTERR|
|       double|       float|       float|       float|       float|       float|       float|       float|       float|       float|       float|
|             |            |            |            |            |            |            |            |            |            |            |
|         null|        null|        null|        null|        null|        null|        null|        null|        null|        null|        null|
   56141.57084 -999999500.0 1040191740.0    14.287117  0.021424126    10.701758  0.021018755 -999999500.0 1040191740.0    3.5853586   0.02144251 
 56142.6282533 -999999500.0 1040191740.0    14.418223  0.021473471    10.725596  0.021018824 -999999500.0 1040191740.0     3.692627   0.02149188 
 56143.6322367 -999999500.0 1040191740.0    14.318281  0.021396099    10.664881  0.021017842 -999999500.0 1040191740.0    3.6534004  0.021413611 
 56144.6353733 -999999500.0 1040191740.0    14.342302  0.021474365    10.661095  0.021017443 -999999500.0 1040191740.0    3.6812077  0.021491423 
 56145.6300833 -999999500.0 1040191740.0    14.327327  0.021398807    10.661039  0.021017302 -999999500.0 1040191740.0    3.6662874  0.021415785 
 56146.6296767 -999999500.0 1040191740.0    14.200235  0.021371005    10.527727  0.021015178 -999999500.0 1040191740.0    3.6725082   0.02138592 
   56147.63096 -999999500.0 1040191740.0    13.979344  0.021280129    10.314121  0.021012489 -999999500.0 1040191740.0    3.6652231  0.021292452 
 56148.5849533 -999999500.0 1040191740.0    13.837568  0.021295333      10.2304   0.02101263 -999999500.0 1040191740.0    3.6071682  0.021307789 
 56149.6302233 -999999500.0 1040191740.0    13.606732  0.021222295     9.960382  0.021008976 -999999500.0 1040191740.0      3.64635  0.021231176 
 56150.6344867 -999999500.0 1040191740.0    13.165535  0.021104189     9.568432  0.021006135 -999999500.0 1040191740.0     3.597103  0.021110294 
   56151.63138 -999999500.0 1040191740.0    12.795791  0.021078063      9.16957  0.021004524 -999999500.0 1040191740.0    3.6262207   0.02108257 
 56155.6350467 -999999500.0 1040191740.0    14.148782  0.021372419     10.53522   0.02101544 -999999500.0 1040191740.0    3.6135616  0.021387588 
   56156.63511 -999999500.0 1040191740.0    14.274999  0.021344073    10.644217  0.021016479 -999999500.0 1040191740.0    3.6307821  0.021360286 
   56157.60321 -999999500.0 1040191740.0 -999999500.0   0.02180587 -999999500.0  0.021027567 -999999500.0 1040191740.0    3.5560598  0.021832418 
   56158.56334 -999999500.0 1040191740.0    14.332061  0.021535093    10.681113   0.02102608 -999999500.0 1040191740.0    3.6509476  0.021560526 
   56161.63497 -999999500.0 1040191740.0    14.356275  0.021385303    10.678635  0.021017227 -999999500.0 1040191740.0      3.67764   0.02140222 
 56162.6337167 -999999500.0 1040191740.0    14.316744  0.021439232   10.6317625   0.02101674 -999999500.0 1040191740.0    3.6849813  0.021455629 
   56163.63395 -999999500.0 1040191740.0    14.135587  0.021340463    10.473121  0.021014413 -999999500.0 1040191740.0     3.662466  0.021354647 
   56164.63184 -999999500.0 1040191740.0     13.80449  0.021210926    10.078475   0.02100982 -999999500.0 1040191740.0     3.726015  0.021220649 
   56165.62511 -999999500.0 1040191740.0    12.632756   0.02106075     9.043508  0.021003839 -999999500.0 1040191740.0    3.5892487  0.021064576 
 56166.6362667 -999999500.0 1040191740.0    12.644681  0.021060541    9.2010565   0.02100437 -999999500.0 1040191740.0    3.4436245  0.021064898 
 56167.6306067 -999999500.0 1040191740.0    12.667237  0.021065354     9.265099  0.021005936 -999999500.0 1040191740.0    3.4021387  0.021071272 
 56168.5189833 -999999500.0 1040191740.0 -999999500.0  0.021146879     9.776376  0.021008145 -999999500.0 1040191740.0    3.4403992  0.021154966 
    56169.5885 -999999500.0 1040191740.0 -999999500.0  0.021350162 -999999500.0  0.021027284 -999999500.0 1040191740.0     3.470745     0.021377 
   56170.60091 -999999500.0   0.11974127 -999999500.0   0.02151251    10.416708  0.021015232       3.6938   0.11983221    3.6186714   0.02152738 
 56171.6185233 -999999500.0 1040191740.0    14.078834  0.021338746    10.421287  0.021014918 -999999500.0 1040191740.0     3.657547  0.021353427 
 56172.6345533 -999999500.0 1040191740.0    14.072973  0.021289567    10.447825  0.021014359 -999999500.0 1040191740.0    3.6251478   0.02130373 
  56173.587595 -999999500.0 1040191740.0 -999999500.0 1040191740.0    10.425473  0.021014523 -999999500.0 1040191740.0 -999999500.0 1040191740.0 
 56174.6347633 -999999500.0 1040191740.0    13.931113  0.021284401     10.27661  0.021012306 -999999500.0 1040191740.0    3.6545029  0.021296544 
   56178.62903 -999999500.0 1040191740.0    13.698102  0.021218108    10.067093  0.021009842 -999999500.0 1040191740.0     3.631009   0.02122785 
 56179.5997333 -999999500.0 1040191740.0    13.301812  0.021121876    9.6333475  0.021006517 -999999500.0 1040191740.0    3.6684647  0.021128356 
   56180.49182 -999999500.0 1040191740.0    13.014891  0.021110082     9.494952  0.021006038 -999999500.0 1040191740.0    3.5199385   0.02111609 
 56181.4907867 -999999500.0 1040191740.0    12.974541   0.02108593     9.468722  0.021005794 -999999500.0 1040191740.0    3.5058184    0.0210917 
 56182.6412533 -999999500.0 1040191740.0 -999999500.0  0.021187143     9.951285  0.021008952 -999999500.0 1040191740.0     3.524272  0.021196017 
 56183.6371967 -999999500.0 1040191740.0    13.735839   0.02119963     10.11525  0.021010403 -999999500.0 1040191740.0    3.6205893  0.021209935 
   56184.64115 -999999500.0 1040191740.0    13.992544  0.021242201    10.362685   0.02101322 -999999500.0 1040191740.0     3.629859   0.02125527 
 56185.6079533 -999999500.0 1040191740.0    14.162552   0.02133321    10.438845   0.02101404 -999999500.0 1040191740.0    3.7237072  0.021347031 
   56186.64101 -999999500.0 1040191740.0    14.266775   0.02134879    10.563285  0.021015497 -999999500.0 1040191740.0    3.7034903  0.021364035 
 56187.6397767 -999999500.0 1040191740.0    14.186209  0.021334141    10.433611  0.021014426 -999999500.0 1040191740.0    3.7525978  0.021348342 
 56192.6396533 -999999500.0 1040191740.0    13.850167  0.021218186    10.137888  0.021011153 -999999500.0 1040191740.0    3.7122793  0.021229224 
 56193.6420233 -999999500.0 1040191740.0    13.375553  0.021140086     9.601194  0.021006422 -999999500.0 1040191740.0    3.7743587  0.021146465 
   56194.41794 -999999500.0 1040191740.0    12.447541  0.021070601    8.9481325  0.021004213 -999999500.0 1040191740.0    3.4994087    0.0210748 
 56195.6460933 -999999500.0 1040191740.0    12.333553  0.021045994     9.055003  0.021003827 -999999500.0 1040191740.0    3.2785501  0.021049812 
 56196.6437367 -999999500.0 1040191740.0    12.813645  0.021076247     9.424525   0.02100553 -999999500.0 1040191740.0      3.38912  0.021081757 
   56197.63873 -999999500.0 1040191740.0    13.478482  0.021159772     9.942683  0.021008912 -999999500.0 1040191740.0     3.535799  0.021168616 
 56198.4441933 -999999500.0 1040191740.0    13.774668  0.021247335    10.132382  0.021010693 -999999500.0 1040191740.0    3.6422853  0.021257902 
    56199.6382 -999999500.0 1040191740.0    13.978606  0.021295922    10.304326   0.02101223 -999999500.0 1040191740.0    3.6742802  0.021307983 
 56200.5980367 -999999500.0 1040191740.0    14.087299  0.021323554    10.388828  0.021014314 -999999500.0 1040191740.0     3.698471   0.02133765 
 56201.5386867 -999999500.0 1040191740.0 -999999500.0  0.021564815    10.548646    0.0210183 -999999500.0 1040191740.0    3.7130928  0.021582635 
 56202.5236167 -999999500.0    0.1005386    14.245655  0.021719215    10.470623  0.021018261     3.737072   0.10069129     3.775032  0.021736873 
   56205.62223 -999999500.0 1040191740.0    14.117154  0.021348353    10.360572  0.021013044 -999999500.0 1040191740.0    3.7565823  0.021361183 
 56206.6447567 -999999500.0 1040191740.0     14.07543  0.021297136    10.339534   0.02101315 -999999500.0 1040191740.0     3.735896  0.021310104 
 56207.6345233 -999999500.0 1040191740.0    13.986051  0.021362435    10.228095  0.021012453 -999999500.0 1040191740.0    3.7579556  0.021374676 
 56208.6453633 -999999500.0 1040191740.0    13.321217  0.021137444     9.547984  0.021006562 -999999500.0 1040191740.0    3.7732325  0.021143962 
 56209.6307433 -999999500.0 1040191740.0    12.798598   0.02107366     9.243074  0.021004733 -999999500.0 1040191740.0    3.5555239  0.021078374 
   56210.64308 -999999500.0 1040191740.0    12.723769  0.021076744     9.274927  0.021005262 -999999500.0 1040191740.0     3.448842  0.021081986 
   56211.36361 -999999500.0 1040191740.0 -999999500.0  0.021122817     9.564499  0.021007469 -999999500.0 1040191740.0    3.4889193  0.021130241 
   56212.48729 -999999500.0 1040191740.0 -999999500.0  0.021247618 -999999500.0  0.021012053 -999999500.0 1040191740.0    3.5240974  0.021259531 
 56213.4458067 -999999500.0 1040191740.0 -999999500.0  0.021391323    10.226989   0.02101298 -999999500.0 1040191740.0     3.527029  0.021404065 
 56214.6491367 -999999500.0 1040191740.0 -999999500.0  0.021543644    10.340326  0.021015188 -999999500.0 1040191740.0    3.5922318   0.02155845 
 56215.5938967 -999999500.0 1040191740.0    14.242211  0.021477768    10.594224  0.021016905 -999999500.0 1040191740.0    3.6479874  0.021494295 
   56216.58744 -999999500.0 1040191740.0 -999999500.0   0.02163712    10.686405   0.02101891 -999999500.0 1040191740.0    3.6735382  0.021655472 
 56217.6374733 -999999500.0 1040191740.0 -999999500.0  0.021626769    10.547748   0.02101756 -999999500.0 1040191740.0       3.7262  0.021643821 
   56218.55265 -999999500.0 1040191740.0    14.229535  0.021342583    10.534305  0.021015536 -999999500.0 1040191740.0    3.6952305  0.021357868 
   56220.64556 -999999500.0 1040191740.0    13.984777  0.021410657    10.294398  0.021015495 -999999500.0 1040191740.0    3.6903791  0.021425854 
 56221.6089233 -999999500.0 1040191740.0 -999999500.0  0.021234062 -999999500.0  0.021018934 -999999500.0 1040191740.0    3.6867285  0.021252787 
 56222.3525133 -999999500.0 1040191740.0 -999999500.0  0.021248868     9.675668  0.021008924 -999999500.0 1040191740.0     3.708167  0.021257685 
 56223.3866033 -999999500.0 1040191740.0 -999999500.0  0.021081457     9.075195  0.021004463 -999999500.0 1040191740.0     3.531952  0.021085901 
 56226.5887067 -999999500.0 1040191740.0 -999999500.0  0.022009172 -999999500.0  0.021029407 -999999500.0 1040191740.0    3.5188274   0.02203723 
 56227.6263567 -999999500.0 1040191740.0    13.963887  0.021309095   10.4113655  0.021015825 -999999500.0 1040191740.0    3.5525217   0.02132469 
 56228.6164167 -999999500.0 1040191740.0   14.0756445   0.02137458    10.456215  0.021015542 -999999500.0 1040191740.0    3.6194296  0.021389848 
   56229.61705 -999999500.0 1040191740.0     14.09839  0.021395221     10.49703   0.02101768 -999999500.0 1040191740.0    3.6013594  0.021412576 
 56233.6248533 -999999500.0 1040191740.0    14.428739  0.021616232    10.767424  0.021021174 -999999500.0 1040191740.0     3.661315  0.021636803 
   56234.54215 -999999500.0 1040191740.0    14.267574  0.021411344    10.618907  0.021016609 -999999500.0 1040191740.0    3.6486673  0.021427635 
   56235.61072 -999999500.0 1040191740.0    14.102388   0.02134014     10.42008  0.021014012 -999999500.0 1040191740.0    3.6823082  0.021353928 
   56236.60874 -999999500.0 1040191740.0    13.898213  0.021262944    10.248145  0.021011768 -999999500.0 1040191740.0    3.6500683  0.021274565 
 56237.6255933 -999999500.0 1040191740.0 -999999500.0   0.02110583     9.314175  0.021005264 -999999500.0 1040191740.0     3.594036  0.021111067 
 56238.5344767 -999999500.0 1040191740.0    12.833209  0.021077689     9.373368  0.021005169 -999999500.0 1040191740.0    3.4598408  0.021082839 
 56239.5447067 -999999500.0 1040191740.0    12.981845  0.021099087     9.550805  0.021006148 -999999500.0 1040191740.0    3.4310398  0.021105208 
   56240.51865 -999999500.0 1040191740.0    13.317894  0.021150293     9.865274  0.021009635 -999999500.0 1040191740.0    3.4526196   0.02115986 
   56241.52714 -999999500.0 1040191740.0    13.774834  0.021216733    10.243872  0.021012569 -999999500.0 1040191740.0     3.530962  0.021229172 
 56242.4380467 -999999500.0 1040191740.0 -999999500.0   0.02132245   10.4209795  0.021015069 -999999500.0 1040191740.0    3.5761738  0.021337291 
 56243.5713867 -999999500.0 1040191740.0    14.209082  0.021441178   10.5802555  0.021016907 -999999500.0 1040191740.0    3.6288261  0.021457737 
 56244.3956067 -999999500.0 1040191740.0    14.110506  0.021479541   10.4494705  0.021015743 -999999500.0 1040191740.0    3.6610355  0.021494932 
 56247.3471167 -999999500.0 1040191740.0    13.898626  0.021275986    10.233489    0.0210139 -999999500.0 1040191740.0    3.6651373  0.021289706 
   56248.42125 -999999500.0   0.09130981 -999999500.0   0.02274972 -999999500.0  0.021098016    3.7812195  0.091728024    3.6501303  0.022840228 
 56256.3723967 -999999500.0 1040191740.0    14.076716   0.02129631    10.448206  0.021014081 -999999500.0 1040191740.0    3.6285105  0.021310195 
 56260.4867867 -999999500.0 1040191740.0    14.241648   0.02133117    10.537807  0.021016283 -999999500.0 1040191740.0    3.7038403  0.021347199 
 56261.3477867 -999999500.0 1040191740.0    14.184182  0.021448579    10.482978  0.021015808 -999999500.0 1040191740.0    3.7012043  0.021464055 
 56262.4617033 -999999500.0 1040191740.0    14.082368  0.021311231    10.375735  0.021013694 -999999500.0 1040191740.0    3.7066326  0.021324726 
 56263.4499233 -999999500.0 1040191740.0 -999999500.0  0.022142597 -999999500.0  0.021019792 -999999500.0 1040191740.0     3.704198  0.022161368 
   56265.43438 -999999500.0 1040191740.0    13.589254  0.021186173     9.895288  0.021009244 -999999500.0 1040191740.0     3.693966  0.021195337 
   56268.38718 -999999500.0 1040191740.0   12.4604845  0.021062426     8.988668  0.021003908 -999999500.0 1040191740.0     3.471816  0.021066321 
   56270.20423 -999999500.0 1040191740.0 -999999500.0  0.021278357 -999999500.0  0.021012116 -999999500.0 1040191740.0     3.533062  0.021290315 
 56271.4746733 -999999500.0 1040191740.0    14.026239  0.021324422    10.350023  0.021014439 -999999500.0 1040191740.0    3.6762161   0.02133864 
   56272.49567 -999999500.0 1040191740.0    14.179207  0.021488128    10.501533  0.021017551 -999999500.0 1040191740.0    3.6776743  0.021505281 
 56272.5160533 -999999500.0 1040191740.0 -999999500.0   0.02162323 -999999500.0  0.021022558 -999999500.0 1040191740.0    3.6576738  0.021645138 
 56273.5250233 -999999500.0 1040191740.0 -999999500.0  0.021956705    10.704717  0.021022435 -999999500.0 1040191740.0     3.664442  0.021978162 
 56276.3754733 -999999500.0 1040191740.0    14.556866   0.02184974    10.810334  0.021022486 -999999500.0 1040191740.0    3.7465315   0.02187135 
 56278.3716533 -999999500.0 1040191740.0    14.444845  0.021615157     10.69713  0.021023482 -999999500.0 1040191740.0     3.747715  0.021637972 
   56279.47606 -999999500.0 1040191740.0 -999999500.0  0.021927789    10.585143  0.021023799 -999999500.0 1040191740.0    3.6938944  0.021950582 
   56280.45444 -999999500.0 1040191740.0    13.845235  0.021245647    10.049435  0.021010906 -999999500.0 1040191740.0    3.7958002  0.021256428 
 56282.3724067 -999999500.0 1040191740.0 -999999500.0  0.021094993    9.0824795  0.021004919 -999999500.0 1040191740.0    3.6314087   0.02109989 
 56283.3472133 -999999500.0 1040191740.0    13.027373  0.021101633     9.561578   0.02100631 -999999500.0 1040191740.0    3.4657955  0.021107912 
   56284.38762 -999999500.0 1040191740.0   13.6482725  0.021217594     10.07787   0.02101067 -999999500.0 1040191740.0    3.5704021  0.021228157 
 56288.3307833 -999999500.0 1040191740.0    14.605396  0.021802844    10.883359  0.021024335 -999999500.0 1040191740.0    3.7220373  0.021826284 
   56289.29473 -999999500.0 1040191740.0 -999999500.0   0.02186367 -999999500.0  0.021026358 -999999500.0 1040191740.0     3.709732  0.021888986 
   56289.41591 -999999500.0 1040191740.0 -999999500.0   0.02193914    10.798059  0.021023877 -999999500.0 1040191740.0    3.7475872  0.021961996 
 56290.3541933 -999999500.0 1040191740.0     14.56531  0.021655632     10.77147  0.021019742 -999999500.0 1040191740.0    3.7938395  0.021674776 
 56291.2024033 -999999500.0 1040191740.0    14.486284  0.021598507    10.670549  0.021018773 -999999500.0 1040191740.0    3.8157349  0.021616759 
 56292.2084967 -999999500.0 1040191740.0    14.414183  0.021488538    10.631132  0.021017388 -999999500.0 1040191740.0    3.7830505  0.021505529 
 56293.2032633 -999999500.0 1040191740.0    14.313133  0.021495389    10.547012   0.02101624 -999999500.0 1040191740.0     3.766121  0.021511255 
 56294.2108733 -999999500.0 1040191740.0    14.040372  0.021342183    10.251473  0.021012913 -999999500.0 1040191740.0    3.7888985  0.021354891 
 56296.2003833 -999999500.0 1040191740.0    12.851385  0.021110076 -999999500.0  0.021005854 -999999500.0 1040191740.0    3.6037254  0.021115901 
 56297.2003767 -999999500.0 1040191740.0 -999999500.0  0.021123298     9.254464  0.021006024 -999999500.0 1040191740.0     3.527296  0.021129286 
   56298.22244 -999999500.0 1040191740.0 -999999500.0   0.02119866    9.7617035  0.021010574 -999999500.0 1040191740.0    3.5006113  0.021209136 
   56299.20042 -999999500.0 1040191740.0 -999999500.0  0.021412656    10.200643  0.021016499 -999999500.0 1040191740.0    3.5590324  0.021428837 
 56300.1990967 -999999500.0 1040191740.0    14.162805  0.021453587    10.497628  0.021018418 -999999500.0 1040191740.0    3.6651764  0.021471616 
   56301.20496 -999999500.0 1040191740.0     14.38451  0.021710942     10.73259  0.021026894 -999999500.0 1040191740.0    3.6519203  0.021736955 
   56302.19962 -999999500.0 1040191740.0 -999999500.0   0.02240821 -999999500.0   0.02103337 -999999500.0 1040191740.0    3.6466608  0.022439485 
 56304.2049833 -999999500.0 1040191740.0 -999999500.0  0.022391403 -999999500.0  0.021028455 -999999500.0 1040191740.0    3.6877708  0.022418093 
 56305.2018333 -999999500.0 1040191740.0 -999999500.0  0.021769134    10.637079  0.021022988 -999999500.0 1040191740.0    3.7374601  0.021791311 
 56306.2062333 -999999500.0 1040191740.0    14.411848   0.02164665    10.698649  0.021022297 -999999500.0 1040191740.0    3.7131987  0.021668283 
 56309.2451633 -999999500.0 1040191740.0    13.771899  0.021221817     9.948471  0.021009749 -999999500.0 1040191740.0    3.8234282  0.021231463 
   56310.24998 -999999500.0 1040191740.0    13.018917  0.021102453     9.310882   0.02100562 -999999500.0 1040191740.0    3.7080355  0.021108044 
   56314.20431 -999999500.0 1040191740.0 -999999500.0  0.021553602    10.550835  0.021017518 -999999500.0 1040191740.0    3.5893679  0.021570671 
 56315.3000167 -999999500.0 1040191740.0    14.484756  0.021536876    10.797343  0.021020412 -999999500.0 1040191740.0    3.6874132   0.02155678 
 56316.2660467 -999999500.0 1040191740.0 -999999500.0  0.022048848    10.877294  0.021022683 -999999500.0 1040191740.0     3.682949  0.022070453 
    56317.2698 -999999500.0 1040191740.0 -999999500.0  0.021816472    10.720518   0.02101972 -999999500.0 1040191740.0     3.750907  0.021835454 
   56318.26758 -999999500.0 1040191740.0   14.4851055  0.021820646    10.727186  0.021019973 -999999500.0 1040191740.0    3.7579193  0.021839866 
 56319.2730633 -999999500.0 1040191740.0    14.493186  0.021646746    10.767647  0.021021403 -999999500.0 1040191740.0    3.7255392  0.021667512 
 56323.2373733 -999999500.0 1040191740.0    13.855363  0.021231825     9.997071    0.0210098 -999999500.0 1040191740.0    3.8582916  0.021241518 
 56324.2554867 -999999500.0 1040191740.0    12.502624  0.021061702     8.955605  0.021003567 -999999500.0 1040191740.0     3.547019  0.021065257 
 56328.2399467 -999999500.0 1040191740.0    13.600361  0.021238962    10.091434  0.021012723 -999999500.0 1040191740.0    3.5089273  0.021251542 
   56329.28662 -999999500.0 1040191740.0 -999999500.0 1040191740.0    10.444128  0.021014728 -999999500.0 1040191740.0 -999999500.0 1040191740.0 
   56329.33108 -999999500.0 1040191740.0    14.059131    0.0213728   10.4428005  0.021017069 -999999500.0 1040191740.0    3.6163301  0.021389572 
 56330.2455233 -999999500.0 1040191740.0    14.121827  0.021449639   10.5089445  0.021017494 -999999500.0 1040191740.0    3.6128826  0.021466766 
   56331.30447 -999999500.0 1040191740.0    14.280324  0.021415437    10.597348   0.02101693 -999999500.0 1040191740.0    3.6829758  0.021432038 
   56332.28218 -999999500.0 1040191740.0    14.396649  0.021517087      10.7061   0.02101897 -999999500.0 1040191740.0     3.690549  0.021535601 
    56333.2498 -999999500.0 1040191740.0    14.401477  0.021646064    10.723612  0.021022841 -999999500.0 1040191740.0     3.677865  0.021668224 
   56334.26134 -999999500.0 1040191740.0    14.429019  0.021723034    10.784049  0.021023853 -999999500.0 1040191740.0      3.64497  0.021746092 
   56335.27699 -999999500.0 1040191740.0    14.579232  0.021644888    10.869709  0.021022808 -999999500.0 1040191740.0    3.7095232  0.021667017 
   56337.27636 -999999500.0 1040191740.0    14.436548  0.021599637    10.677247  0.021018764 -999999500.0 1040191740.0    3.7593012   0.02161788 
   56338.23275 -999999500.0 1040191740.0    13.751818  0.021267014     9.852543  0.021009646 -999999500.0 1040191740.0    3.8992748   0.02127654 
 56339.2302567 -999999500.0 1040191740.0    12.697281   0.02108473     9.224158  0.021004943 -999999500.0 1040191740.0    3.4731226  0.021089653 
   56343.28734 -999999500.0 1040191740.0    13.991477   0.02140749    10.442635  0.021016026 -999999500.0 1040191740.0    3.5488424  0.021423211 
 56351.2583433 -999999500.0 1040191740.0    14.041121  0.021469712 -999999500.0   0.02101824 -999999500.0 1040191740.0    3.6497517  0.021487553 
 56352.2889267 -999999500.0 1040191740.0 -999999500.0  0.021257844     9.749963  0.021008074 -999999500.0 1040191740.0    3.7218761   0.02126582 
 56353.2490967 -999999500.0 1040191740.0 -999999500.0  0.021143017 -999999500.0  0.021005346 -999999500.0 1040191740.0    3.5235367  0.021148328 
 56354.2619933 -999999500.0 1040191740.0 -999999500.0  0.021051064     8.756599  0.021003643 -999999500.0 1040191740.0    3.2881985  0.021054696 
   56355.27682 -999999500.0 1040191740.0 -999999500.0  0.021060636     8.972032  0.021004654 -999999500.0 1040191740.0    3.3528452  0.021065278 
   56356.27161 -999999500.0 1040191740.0    13.104867  0.021133455     9.691657  0.021008315 -999999500.0 1040191740.0      3.41321  0.021141715 
 56357.2690767 -999999500.0 1040191740.0    13.700818  0.021257544     10.19223  0.021012546 -999999500.0 1040191740.0    3.5085878  0.021269938 
   56358.24368 -999999500.0 1040191740.0 -999999500.0   0.02151063    10.556666  0.021017881 -999999500.0 1040191740.0    3.5577345   0.02152809 
   56359.23276 -999999500.0 1040191740.0    14.372501  0.021447746    10.757026  0.021020398 -999999500.0 1040191740.0    3.6154757  0.021467717 
 56360.2591767 -999999500.0 1040191740.0    14.492422  0.021804538    10.867997   0.02102486 -999999500.0 1040191740.0     3.624425  0.021828482 
 56361.2786867 -999999500.0 1040191740.0 -999999500.0  0.022254335    10.852362  0.021026071 -999999500.0 1040191740.0    3.6016293  0.022278937 
   56371.23593 -999999500.0 1040191740.0 -999999500.0  0.021404838    10.425864  0.021015938 -999999500.0 1040191740.0     3.523982  0.021420475 
   56372.24691 -999999500.0 1040191740.0 -999999500.0  0.021871831    10.719546  0.021023491 -999999500.0 1040191740.0     3.566598  0.021894388 
 56377.2275667 -999999500.0 1040191740.0 -999999500.0  0.021664822    10.554471  0.021019565 -999999500.0 1040191740.0    3.6219845  0.021683788 
 56378.2271067 -999999500.0   0.08824152 -999999500.0   0.02184581 -999999500.0  0.021028249      3.33665  0.088446625    3.5565739  0.021872966 
 56380.2291467 -999999500.0 1040191740.0 -999999500.0  0.089513734 -999999500.0  0.021044802 -999999500.0 1040191740.0    3.6632938   0.08952426 
   56385.22053 -999999500.0 1040191740.0     13.61183  0.021236092    10.171859   0.02101244 -999999500.0 1040191740.0     3.439971  0.021248393 
 56386.2215867 -999999500.0 1040191740.0 -999999500.0  0.021538198    10.474659  0.021016376 -999999500.0 1040191740.0    3.5033798  0.021554165 
