|   MEANMJDOBS|   JAPERMAG3|JAPERMAG3ERR|   HAPERMAG3|HAPERMAG3ERR|   KAPERMAG3|KAPERMAG3ERR|      JMHPNT|   JMHPNTERR|      HMKPNT|   HMKPNTERR|
|       double|       float|       float|       float|       float|       float|       float|       float|       float|       float|       float|
|             |            |            |            |            |            |            |            |            |            |            |
|         null|        null|        null|        null|        null|        null|        null|        null|        null|        null|        null|
   56141.57084    16.197338   0.02432843    14.271765  0.021418517     12.95987  0.021193583    1.9255733  0.024690593    1.3118944   0.02160835 
 56142.6282533    16.250122  0.025842533     14.27626  0.021398494    12.920974  0.021177052    1.9738617  0.026167385    1.3552866  0.021572275 
 56143.6322367    16.211027  0.024103696    14.211738  0.021352166    12.832388  0.021161577    1.9992895  0.024411127    1.3793497  0.021511098 
 56144.6353733     16.12101  0.024002211    14.165095  0.021379258    12.792808  0.021156175    1.9559145  0.024334725    1.3722878  0.021532685 
 56145.6300833    16.227036  0.023982175    14.254583  0.021367885    12.873833   0.02116734    1.9724522  0.024304962    1.3807507  0.021532366 
 56146.6296767    16.270044  0.024634238    14.266278  0.021404894     12.86873  0.021167604     2.003766  0.024980297    1.3975487  0.021569353 
   56147.63096    16.197695  0.024073714    14.238746  0.021385606   12.8867655  0.021166395    1.9589491  0.024410816    1.3519802  0.021549026 
 56148.5849533    16.346607  0.025680542    14.381178  0.021577155     13.00081  0.021211937    1.9654293  0.026154613    1.3803682  0.021783477 
 56149.6302233    16.238562  0.024882875    14.305411  0.021569662    12.991538  0.021200756    1.9331503  0.025365485    1.3138733  0.021765163 
 56150.6344867    16.277922  0.024097074    14.327773  0.021377662    13.026789  0.021189967    1.9501486    0.0244269    1.3009844  0.021564303 
   56151.63138     16.25946   0.02448381    14.343828  0.021438178    13.055656  0.021210395    1.9156322  0.024860658    1.2881718  0.021644313 
 56155.6350467    16.238787   0.02543484     14.35035  0.021485463    13.109563  0.021217316    1.8884363   0.02583711    1.2407875  0.021697918 
   56156.63511    16.223307  0.023752393    14.340278  0.021374805    13.107504  0.021200469     1.883029  0.024084402    1.2327738  0.021571789 
   56157.60321 -999999500.0  0.029877841 -999999500.0  0.021906147 -999999500.0  0.021358907    1.9241257  0.030521546    1.2260256  0.022250442 
   56158.56334    16.229479  0.027511174      14.3293  0.021536963    13.093013  0.021321602    1.9001789  0.027923206    1.2362871  0.021850664 
   56161.63497    16.264097  0.024068369    14.361959  0.021390593    13.109252   0.02120671    1.9021378   0.02440991    1.2527075  0.021593563 
 56162.6337167     16.23152  0.024150072    14.333807   0.02145082    13.075077  0.021206727    1.8977127  0.024543097    1.2587299  0.021653242 
   56163.63395    16.229416  0.024189867    14.321616   0.02143092    13.052508   0.02120029    1.9077997  0.024564894    1.2691078   0.02162722 
   56164.63184    16.266071  0.024094474     14.36587  0.021415198    13.092493  0.021208102    1.9002008  0.024457196    1.2733774  0.021619303 
   56165.62511     16.20531  0.023930393    14.325193  0.021394322    13.051852   0.02121026    1.8801174  0.024277166    1.2733412  0.021600744 
 56166.6362667    16.255772   0.02383959    14.339096  0.021362057    13.054369  0.021203723    1.9166756  0.024159126    1.2847271   0.02156236 
 56167.6306067     16.23085  0.024022844    14.304639  0.021385973     12.99124  0.021261416    1.9262114   0.02436097    1.3133993  0.021642728 
 56168.5189833    16.239542  0.026184231 -999999500.0  0.021567808    12.992599  0.021225173     1.953598  0.026641779    1.2933455  0.021787114 
    56169.5885 -999999500.0  0.032297917 -999999500.0  0.021845734 -999999500.0  0.021653928    2.0181198  0.032854095    1.3002663  0.022475068 
   56170.60091 -999999500.0  0.039636686 -999999500.0  0.021775942    12.988934   0.02121566    1.9523706  0.040053193    1.3444548  0.021983992 
 56171.6185233    16.215336  0.024937442    14.247381   0.02141761   12.8584385  0.021180265    1.9679546  0.025290117    1.3889427  0.021594388 
 56172.6345533    16.297125  0.024317998    14.288111   0.02137325    12.874984  0.021164836    2.0090141  0.024641039     1.413127  0.021535229 
  56173.587595     16.35664  0.025106058 -999999500.0 1040191740.0    12.825011   0.02116556 -999999500.0 1040191740.0 -999999500.0 1040191740.0 
 56174.6347633     16.44732  0.025652302    14.379749   0.02150496    12.886019   0.02117323    2.0675716  0.026067296    1.4937305  0.021674154 
   56178.62903    16.254742   0.02469971    14.355985   0.02149949    13.047469  0.021202238     1.898757   0.02512576    1.3085155  0.021697074 
 56179.5997333    16.256971  0.024273774    14.366394  0.021415753    13.090515   0.02120656    1.8905773  0.024634337    1.2758789   0.02161834 
   56180.49182        16.25  0.025146322    14.346271   0.02153168    13.092263  0.021222355    1.9037294  0.025592007    1.2540073    0.0217486 
 56181.4907867    16.259167   0.02448491    14.352432  0.021402102    13.094683  0.021224476    1.9067345   0.02483064    1.2577496  0.021622403 
 56182.6412533      16.2471   0.02499611 -999999500.0  0.021588141    13.103224  0.021228192    1.8886194  0.025492221    1.2552576   0.02181018 
 56183.6371967    16.245537  0.023956703    14.347567   0.02140672    13.119701  0.021217866    1.8979702  0.024314014    1.2278652  0.021620488 
   56184.64115    16.223093  0.023704235    14.353812  0.021367278    13.121121   0.02121941    1.8692808  0.024030216    1.2326908  0.021582954 
 56185.6079533    16.257566  0.024129348    14.368478  0.021431481   13.1376505  0.021223059    1.8890886  0.024505792    1.2308273  0.021650095 
   56186.64101    16.238241  0.023886587    14.360468  0.021392755    13.140938  0.021219062    1.8777733  0.024232604    1.2195301  0.021607835 
 56187.6397767    16.224747  0.023904499    14.362368   0.02141454   13.1341095  0.021235103    1.8623791  0.024269478    1.2282581  0.021645142 
 56192.6396533    16.217104  0.023808612    14.342239  0.021380482    13.098602  0.021217778    1.8748646  0.024144877    1.2436371  0.021594424 
 56193.6420233    16.224615  0.023972936    14.316979  0.021429442    13.044494  0.021199757    1.9076357  0.024350004    1.2724857  0.021625232 
   56194.38721 -999999500.0  0.030811742 -999999500.0 1040191740.0 -999999500.0 1040191740.0 -999999500.0 1040191740.0 -999999500.0 1040191740.0 
   56194.41794 -999999500.0  0.028168146    14.382785  0.021637795    13.033225  0.021246761    1.9275465  0.028646791    1.3495598  0.021877363 
 56195.6460933    16.221998  0.024276497    14.271102  0.021396324    12.928603  0.021175582    1.9508963  0.024620133    1.3424988   0.02156868 
 56196.6437367    16.269236  0.024781872    14.305039  0.021411646    12.956903   0.02118737    1.9641962  0.025131647     1.348136  0.021595445 
   56197.63873    16.332796  0.024846027    14.327663  0.021448808    12.912417  0.021175282    2.0051327    0.0252265     1.415246  0.021620452 
 56198.4441933    16.198761  0.024933182    14.189113   0.02142098    12.801239  0.021159377    2.0096483  0.025288772    1.3878736  0.021577246 
    56199.6382    16.367573  0.024703678    14.344568   0.02147443    12.893576  0.021171741    2.0230045  0.025108222    1.4509926  0.021642404 
 56200.5980367    16.495396  0.025491795    14.456214  0.021513388    13.025814    0.0212183    2.0391817  0.025916353    1.4303999   0.02172653 
 56201.5386867    16.220112  0.024966067 -999999500.0  0.021565093    12.908465  0.021218099    1.9620447  0.025443226    1.3496017  0.021777533 
 56202.5236167 -999999500.0  0.030467883    14.286793  0.021764806    12.945768  0.021252098    1.9472065  0.030999979    1.3410244  0.022008145 
   56205.62223    16.221952  0.024372809   14.3357115  0.021464342    13.066805  0.021210978     1.886241  0.024774013    1.2689066    0.0216708 
 56206.6447567     16.24552  0.024139894    14.331045  0.021407813    13.074127  0.021212773    1.9144745  0.024495488     1.256918  0.021616573 
 56207.6345233    16.247484  0.024921907    14.347524  0.021590738     13.08717  0.021240791    1.8999605   0.02542167     1.260354  0.021825012 
 56208.6453633    16.233696  0.024124375    14.335145  0.021460984    13.097625  0.021235589     1.898551  0.024526704    1.2375202  0.021691566 
 56209.6307433    16.255644  0.024245702     14.34721  0.021410322    13.096707  0.021225877    1.9084339   0.02460195    1.2505026  0.021631915 
   56210.64308    16.226694   0.02482964    14.347765  0.021512015   13.1075325  0.021250956    1.8789291   0.02526416    1.2402325  0.021757064 
   56211.36361    16.274693   0.02664091 -999999500.0  0.021610275    13.111565  0.021283267    1.9232407  0.027124565    1.2398872  0.021885645 
   56212.48729    16.233337  0.026726138 -999999500.0  0.021747293 -999999500.0  0.021298705    1.8909073  0.027317232     1.242816   0.02203587 
 56213.4458067     16.19699  0.026456092 -999999500.0  0.021863492    13.070343  0.021240748    1.8559513  0.027146585    1.2706947  0.022094835 
 56214.6491367     16.24754  0.026109183 -999999500.0   0.02205684    13.079741  0.021274026    1.8556166  0.026966529    1.3121824  0.022317896 
 56215.5938967    16.227491   0.02483264    14.329911  0.021539377    13.068945  0.021213483    1.8975801   0.02529041    1.2609663  0.021747565 
   56216.58744    16.206964  0.024729405 -999999500.0   0.02160685    13.060587  0.021227734    1.8873014  0.025246771    1.2590761  0.021828253 
 56217.6374733    16.202967  0.025115315 -999999500.0  0.021670332    13.059231  0.021254638    1.8802443   0.02567844    1.2634916  0.021917183 
   56218.55265    16.224339  0.024088426    14.320957  0.021386418   13.0556135  0.021203393    1.9033813  0.024426034    1.2653437   0.02158617 
   56220.64556    16.222185  0.026021106    14.343682  0.021676702    13.059147  0.021289123    1.8785028  0.026570234    1.2845354  0.021956917 
 56221.6089233 -999999500.0   0.02706852 -999999500.0  0.021445325 -999999500.0  0.021474795    1.8973761  0.027415445     1.222167  0.021910472 
 56222.3525133 -999999500.0  0.027433764 -999999500.0  0.021812433    12.993935  0.021263208    1.9275618  0.028060537    1.2809973  0.022065952 
 56223.3866033 -999999500.0  0.029374124 -999999500.0  0.021622593    12.959783  0.021221124    1.9188099  0.029822402    1.3295622  0.021837413 
 56226.5887067    16.313343  0.027371177 -999999500.0  0.023429949 -999999500.0   0.02161685    2.0414667   0.02927702    1.4799709  0.023984386 
 56227.6263567    16.311054  0.025344497    14.297935   0.02147016    12.881291  0.021202737    2.0131197  0.025735408    1.4166431  0.021668497 
 56228.6164167     16.21435   0.02477744     14.23166   0.02146216    12.857792  0.021186326    1.9826899  0.025170337     1.373868  0.021644508 
   56229.61705 -999999500.0  0.028649032    14.268262  0.021493277    12.922723  0.021213455    2.3718233   0.02901255    1.3455391   0.02170188 
 56233.6248533    16.248001  0.024772407    14.348122  0.021556718     13.07725  0.021246387    1.8998795  0.025246074    1.2708721  0.021796811 
   56234.54215    16.215292  0.024137089    14.322744  0.021444721    13.080974  0.021210168    1.8925476  0.024524987    1.2417707   0.02165057 
   56235.61072    16.234243  0.024250876    14.349099  0.021470115    13.104206   0.02122651    1.8851442  0.024659093    1.2448931  0.021691717 
   56236.60874    16.249245  0.024501394     14.34857   0.02147036    13.115688  0.021228079    1.9006748  0.024905715    1.2328815  0.021693494 
 56237.6255933     16.19821  0.024583606 -999999500.0  0.021663167    13.095366  0.021246832    1.8753824  0.025152463    1.2274618  0.021902528 
 56238.5344767     16.22469  0.024509039    14.345749  0.021471018    13.100034  0.021219097    1.8789406    0.0249138    1.2457151  0.021685356 
 56239.5447067     16.21126  0.024678068    14.337327  0.021541951    13.090852  0.021218242    1.8739328  0.025140857    1.2464752  0.021754755 
   56240.51865    16.214483  0.024879817     14.32057  0.021495795    13.068347  0.021241615    1.8939133  0.025299694     1.252223  0.021731898 
   56241.52714    16.200954  0.024208952      14.3173  0.021408724    13.053245  0.021207426    1.8836546   0.02456434    1.2640553  0.021612225 
 56242.4380467      16.1876  0.024329068 -999999500.0   0.02149505     13.06441   0.02121998    1.8571205  0.024757639    1.2660685  0.021710012 
 56243.5713867     16.19442  0.024566025    14.318517  0.021513509    13.068356  0.021222407    1.8759031  0.025006412    1.2501612   0.02173066 
 56244.3956067     16.19301   0.02584374    14.300704    0.0216245    13.056334  0.021227412    1.8923063  0.026353708    1.2443705  0.021845412 
 56247.3471167    16.188122   0.02426286    14.317683  0.021464175    13.050845  0.021251114    1.8704386   0.02466571    1.2668381   0.02170992 
   56248.42125 -999999500.0  0.037561167 -999999500.0   0.02512098 -999999500.0  0.025451994    1.9173708   0.04001131    1.3202066  0.028945943 
 56256.3723967     16.19012  0.024039965    14.299447  0.021390403    13.022592  0.021187384    1.8906736  0.024381738    1.2768555  0.021574397 
 56260.4867867    16.234705  0.024037076    14.358301  0.021383679    13.118886  0.021231255    1.8764038  0.024372991    1.2394152   0.02161083 
 56261.3477867    16.205072   0.02451605     14.33994  0.021554712    13.100214  0.021227231    1.8651323  0.024992844    1.2397261  0.021776155 
 56262.4617033    16.223087  0.024008987    14.347237  0.021433696    13.093485   0.02121971    1.8758507  0.024389235    1.2537518  0.021649005 
 56263.4499233    16.248163  0.025238344 -999999500.0  0.022903472 -999999500.0  0.021410055    1.8944721  0.026842935    1.2398605  0.023280025 
   56265.43438    16.225271  0.024104878    14.347806   0.02144487    13.112644  0.021235114    1.8774652   0.02449342    1.2351618  0.021675158 
   56268.38718    16.209253  0.024892308   14.3442745   0.02154622    13.120881  0.021242416    1.8649788  0.025354814    1.2233934  0.021782558 
   56270.20423 -999999500.0  0.028361697 -999999500.0  0.021841217 -999999500.0  0.021317922    1.8887072  0.028990079    1.2398224  0.022147065 
 56271.4746733    16.220734  0.024810284    14.337201  0.021482589    13.085053  0.021238009    1.8835325  0.025220068    1.2521477   0.02171531 
   56272.49567     16.18156  0.026643649    14.351707   0.02161515     13.09052  0.021251872     1.829853  0.027131138    1.2611876  0.021859935 
 56272.5160533     16.23726  0.025660018 -999999500.0  0.021790277 -999999500.0     0.021359    1.9029417  0.026310695    1.2336197  0.022136465 
 56273.5250233    16.235641  0.025901638 -999999500.0  0.021910952    13.076954  0.021286787    1.8976469  0.026645537    1.2610407  0.022185966 
 56276.3754733    16.285704  0.025327273    14.360251  0.021651125    13.020416   0.02122234    1.9254522   0.02586971    1.3398352  0.021866845 
 56278.3716533    16.257196  0.025799204    14.302862    0.0215223    12.918154  0.021224035    1.9543343  0.026226101    1.3847084  0.021740953 
   56279.47606    16.346352   0.02909754 -999999500.0  0.022070685    12.991528  0.021289382    1.9669409  0.029879458    1.3878832  0.022346206 
   56280.45444     16.34186  0.024795603     14.37582  0.021465732    13.012547  0.021208521    1.9660397   0.02519126    1.3632736  0.021669772 
 56282.3724067 -999999500.0   0.03133904 -999999500.0  0.021692015    13.086259  0.021265334    1.9361343  0.031806897    1.2854948  0.021948986 
 56283.3472133    16.258308   0.02496047    14.353372  0.021508884    13.089357  0.021217419    1.9049368  0.025390098    1.2640142  0.021721208 
   56284.38762    16.232151  0.024678765    14.346128   0.02152161    13.087759  0.021224815    1.8860226  0.025124112    1.2583694   0.02174103 
 56288.3307833    16.245667  0.025496779    14.372792   0.02159016    13.124527   0.02126488    1.8728743   0.02598501    1.2482653  0.021847885 
   56289.29473 -999999500.0  0.027499415 -999999500.0  0.021717392 -999999500.0  0.021316562    1.8778639  0.028051078    1.2535925  0.022023644 
   56289.41591 -999999500.0 1040191740.0 -999999500.0  0.021738768    13.081247  0.021270283 -999999500.0 1040191740.0    1.2855511  0.021999976 
 56290.3541933    16.237062  0.024673907    14.365262  0.021505376    13.102501  0.021226266    1.8718004  0.025105435    1.2627611   0.02172638 
 56291.2024033     16.23873  0.026423406    14.357159  0.021506915    13.090713  0.021245686    1.8815708  0.026828041    1.2664461  0.021746876 
 56292.2084967    16.262201  0.025830323    14.365392  0.021462455    13.093702  0.021229345    1.8968096   0.02620768    1.2716894   0.02168691 
 56293.2032633    16.293797  0.027061716    14.354542  0.021524819   13.0969515  0.021232195    1.9392548  0.027470972    1.2575903  0.021751413 
 56294.2108733    16.262964  0.026223442    14.349689  0.021506995    13.086493   0.02123812    1.9132757   0.02663118     1.263196  0.021739563 
 56296.2003833 -999999500.0  0.034981146    14.416293  0.021760704 -999999500.0  0.021303264    1.9575529  0.035443038    1.3110352   0.02205351 
 56297.2003767 -999999500.0   0.03169823 -999999500.0  0.021964287     13.09185  0.021303667    1.9295225  0.032345135    1.2654467    0.0222548 
   56298.22244 -999999500.0  0.028003091 -999999500.0  0.021756519    13.089164  0.021303946      1.89785    0.0285748    1.2493982  0.022050038 
   56299.20042 -999999500.0  0.028997887 -999999500.0  0.021883566    13.052526   0.02131737     1.853756  0.029644022     1.273035  0.022188302 
 56300.1990967 -999999500.0  0.029446552    14.363758  0.021589834    13.098215  0.021265991    1.9173813   0.02987006     1.265543  0.021848647 
   56301.20496 -999999500.0  0.028079456    14.296405  0.021635331    13.006582   0.02128886    1.8818655   0.02855772    1.2898226   0.02191582 
   56302.19962 -999999500.0   0.04713851 -999999500.0  0.022290602 -999999500.0  0.021358604     2.021432  0.047727454    1.3385887  0.022628764 
 56304.2049833 -999999500.0  0.038022693 -999999500.0  0.022104898 -999999500.0  0.021263344    2.0131655  0.038643908    1.4494543   0.02235523 
 56305.2018333 -999999500.0  0.034233518 -999999500.0  0.021707378    12.939247  0.021258356    2.0392714  0.034671947    1.3750257  0.021957412 
 56306.2062333 -999999500.0  0.032217313      14.3446   0.02159457    12.994882  0.021247204    2.0071268  0.032607984    1.3497181  0.021835044 
 56309.2451633    16.241478  0.025114676      14.3449    0.0214331    13.056829  0.021220855    1.8965778  0.025477923    1.2880707  0.021649536 
   56310.24998    16.254293  0.024550114    14.346685  0.021451598     13.08553  0.021236831     1.907608  0.024937505    1.2611551  0.021683497 
   56314.20431 -999999500.0  0.030655123 -999999500.0  0.021738699    13.067339  0.021248903     1.900384  0.031165808    1.2790499  0.021979239 
 56315.3000167    16.269949   0.02479402    14.371275  0.021465156    13.109291  0.021224955     1.898674   0.02518921    1.2619839  0.021685287 
 56316.2660467     16.22094  0.026959712 -999999500.0  0.021763874    13.074685  0.021228597    1.8808079  0.027558886    1.2654467  0.021984529 
    56317.2698    16.238455  0.026137391 -999999500.0  0.021686248    13.079419  0.021233806    1.8875828   0.02669188    1.2714529  0.021912733 
   56318.26758    16.248608  0.026183486    14.308251  0.021636065    13.019475   0.02122285    1.9403563  0.026696334    1.2887764   0.02185243 
 56319.2730633      16.3378  0.026018124    14.414978  0.021584906    13.092454  0.021236418     1.922821  0.026492469    1.3225241  0.021814985 
 56323.2373733     16.29832  0.024947586    14.366908  0.021426197    13.054314  0.021214468    1.9314127   0.02530739    1.3125944  0.021636443 
 56324.2554867    16.360737  0.025981657     14.39903  0.021588456    13.070501   0.02121878    1.9617071   0.02645955    1.3285284   0.02180133 
 56328.2399467    16.234268  0.025727775    14.277024  0.021568561    12.919677  0.021229548    1.9572439  0.026193915    1.3573475  0.021792121 
   56329.28662 -999999500.0 1040191740.0 -999999500.0 1040191740.0    12.928423  0.021187117 -999999500.0 1040191740.0 -999999500.0 1040191740.0 
   56329.33108    16.437525  0.025878528    14.389408  0.021577023    12.926626  0.021226399    2.0481167   0.02634893    1.4627819  0.021797428 
 56330.2455233    16.469627  0.027676912    14.377289  0.021627698    12.861253  0.021189915    2.0923386   0.02815615     1.516036   0.02181215 
   56331.30447    16.340122  0.025339058    14.276249   0.02141689     12.77329  0.021150624    2.0638733   0.02568562    1.5029593  0.021564601 
   56332.28218      16.3433  0.025260301    14.285759  0.021451972    12.822673  0.021162197     2.057541  0.025637278    1.4630861  0.021610776 
    56333.2498    16.327461   0.02721352    14.277838  0.021552544    12.854613    0.0212044    2.0496235  0.027642136    1.4232244  0.021751752 
   56334.26134    16.232826  0.026203372     14.29534  0.021608213    12.935644  0.021218237    1.9374866  0.026693288    1.3596954  0.021820366 
   56335.27699    16.220997   0.02478934     14.31078   0.02145833    12.998006  0.021200446    1.9102173  0.025178788    1.3127737  0.021654535 
   56337.27636    16.224672  0.024755854    14.332867  0.021523701     13.06744  0.021223156    1.8918056  0.025201628    1.2654266  0.021741481 
   56338.23275     16.25733  0.027569085    14.359024  0.021581804    13.093977  0.021258036    1.8983059  0.028014796    1.2650471  0.021832963 
 56339.2302567    16.251104  0.026776355    14.339567  0.021571562    13.098217  0.021228258    1.9115372  0.027226925    1.2413502  0.021793833 
   56343.28734    16.231308  0.026124598    14.351604  0.021662591    13.088147  0.021239856    1.8797035   0.02666013    1.2634573  0.021895189 
 56351.2583433    16.250383  0.027145697    14.336056  0.021699904 -999999500.0  0.021290427    1.9143276  0.027690696    1.2775879  0.021981085 
 56352.2889267    16.201006  0.026240237 -999999500.0  0.021871768    13.036987  0.021233752     1.867734  0.026942981    1.2962847  0.022096299 
 56353.2490967 -999999500.0   0.04424921 -999999500.0  0.023505663 -999999500.0  0.021478243    1.9755259  0.045491856    1.2682991  0.023933891 
 56354.2619933    16.204895  0.026755266 -999999500.0   0.02178655    12.976551  0.021238666    1.9318953  0.027376961    1.2964487  0.022016691 
   56355.27682     16.17775  0.026878852 -999999500.0   0.02157594    12.826883  0.021211237    1.9511967   0.02733119    1.3996696  0.021781592 
   56356.27161    16.354376    0.0284646    14.339706  0.021660894     12.92577  0.021224417    2.0146694  0.028955616    1.4139366  0.021878531 
 56357.2690767     16.58083  0.027505653    14.529674  0.021777736    13.032203  0.021231763     2.051156  0.028103927    1.4974709  0.022001307 
   56358.24368    16.269384   0.02704222 -999999500.0   0.02166804   12.9180155  0.021208918    1.9653625  0.027564209    1.3860064  0.021870576 
   56359.23276      16.2737  0.025213365    14.341863   0.02143661    12.972841  0.021199523     1.931838  0.025578154    1.3690214  0.021632105 
 56360.2591767    16.286049  0.026018562    14.348621  0.021661136    12.990727  0.021239089    1.9374275  0.026555045     1.357894  0.021893006 
 56361.2786867    16.275028  0.027664121 -999999500.0  0.022043752    13.014949   0.02125672    1.9501066   0.02846455    1.3099728  0.022288453 
   56371.23593    16.199398   0.02692659 -999999500.0   0.02170828    13.094986   0.02126647    1.8544655  0.027482552    1.2499466   0.02196616 
   56372.24691 -999999500.0  0.029711047 -999999500.0   0.02197241    13.085658  0.021298885    1.8550186  0.030406138    1.2719316  0.022258243 
 56377.2275667 -999999500.0   0.02739287 -999999500.0  0.021810686    13.035279   0.02127453    1.8840055  0.028019195    1.2742844  0.022075135 
 56378.2271067 -999999500.0   0.03500104 -999999500.0  0.022003757 -999999500.0  0.021406986    1.9317102   0.03561233    1.2787542  0.022392508 
 56380.2291467 -999999500.0   0.08968132 -999999500.0   0.10306725 -999999500.0   0.02205029    1.9538746    0.1349985    1.2401991  0.103286356 
   56385.22053 -999999500.0  0.030382145     14.32568   0.02160926    12.949647   0.02121775     2.012455   0.03080641    1.3760328   0.02182093 
 56386.2215867    16.243093  0.028332237 -999999500.0   0.02188298    12.985694  0.021235822      1.93682  0.028992765    1.3205795  0.022109386 
